2.415089160203933716e-01,
1.377169042825698853e-01,
1.654702574014663696e-01,
-1.836860626935958862e-01,
-3.655833005905151367e-02,
-9.537528268992900848e-03,
2.996828854084014893e-01,
3.705090582370758057e-01,
-2.432054840028285980e-02,
1.380507200956344604e-01,
3.259096741676330566e-01,
1.486090663820505142e-02,
5.280322209000587463e-02,
1.311685144901275635e-01,
2.152155935764312744e-01,
1.503995358943939209e-01,
-2.057894021272659302e-01,
-3.829166665673255920e-02,
3.135749995708465576e-01,
3.392984271049499512e-01,
1.524875462055206299e-01,
-8.122477680444717407e-02,
-1.147170141339302063e-01,
3.420146405696868896e-01,
4.759036749601364136e-02,
-1.194174122065305710e-02,
1.797652803361415863e-02,
-2.421974539756774902e-01,
1.782454252243041992e-01,
-7.433784753084182739e-02,
-3.017283082008361816e-01,
-6.759943813085556030e-02,
-4.176619648933410645e-02,
-1.601656526327133179e-01,
3.101671934127807617e-01,
1.734920032322406769e-02,
8.840601891279220581e-02,
1.365330070257186890e-01,
3.399969339370727539e-01,
9.021615236997604370e-02,
2.804820425808429718e-02,
8.670306205749511719e-02,
-1.945147849619388580e-02,
1.825025826692581177e-01,
-7.994190789759159088e-03,
3.328783810138702393e-01,
2.196143120527267456e-01,
3.961795866489410400e-01,
-1.223056539893150330e-01,
-1.486251410096883774e-02,
4.196500778198242188e-01,
2.297173589468002319e-01,
2.657809257507324219e-01,
4.090408980846405029e-02,
2.012647688388824463e-01,
1.209496930241584778e-01,
2.160239219665527344e-01,
3.944538161158561707e-02,
2.085647359490394592e-02,
1.765403002500534058e-01,
3.328515887260437012e-01,
2.930799722671508789e-01,
3.210766911506652832e-01,
-6.872601807117462158e-02,
-1.075280457735061646e-01,
1.609734147787094116e-01,
-4.233513772487640381e-02,
2.128853052854537964e-01,
-2.046594470739364624e-01,
-1.982149183750152588e-01,
-1.047280281782150269e-01,
9.603911638259887695e-02,
-2.142387479543685913e-01,
-1.231704428791999817e-01,
1.483057346194982529e-02,
-2.709529101848602295e-01,
-2.761443257331848145e-01,
2.492188662290573120e-01,
-2.531420886516571045e-01,
-2.082443237304687500e-01,
-2.084899395704269409e-01,
1.396182626485824585e-01,
-7.232573116198182106e-04,
4.353174939751625061e-02,
1.878074705600738525e-01,
4.812560379505157471e-01,
6.008175387978553772e-02,
1.754133254289627075e-01,
3.608031272888183594e-01,
1.662709116935729980e-01,
-7.116228342056274414e-02,
1.422197520732879639e-01,
2.788672745227813721e-01,
-2.036777697503566742e-02,
1.665646284818649292e-01,
4.779273271560668945e-01,
-7.263377308845520020e-02,
-2.363755851984024048e-01,
2.960803806781768799e-01,
-2.147126197814941406e-01,
-1.663074479438364506e-03,
-4.379460215568542480e-02,
-2.414374798536300659e-01,
1.861791163682937622e-01,
8.535468578338623047e-02,
-4.157181978225708008e-01,
3.040049076080322266e-01,
-1.306897699832916260e-01,
-1.594919413328170776e-01,
-5.515384301543235779e-02,
1.108601987361907959e-01,
-4.099254012107849121e-01,
1.547440290451049805e-01,
-1.274516433477401733e-01,
3.791524767875671387e-01,
2.237626761198043823e-01,
2.354808747768402100e-01,
-1.669486165046691895e-01,
6.608756631612777710e-02,
5.857397336512804031e-03,
9.258985519409179688e-02,
-1.399747878313064575e-01,
2.476569078862667084e-02,
3.493678569793701172e-01,
-3.101904690265655518e-01,
-1.604358702898025513e-01,
-5.242859125137329102e-01,
-2.048658672720193863e-03,
1.262266337871551514e-01,
-4.476198852062225342e-01,
8.148331195116043091e-02,
1.284936219453811646e-01,
2.006405144929885864e-01,
-1.990304142236709595e-01,
3.429366648197174072e-01,
2.044684812426567078e-02,
-7.493226230144500732e-02,
-8.290516585111618042e-02,
-2.521631419658660889e-01,
-2.145080715417861938e-01,
2.270486056804656982e-01,
-1.172861009836196899e-01,
-3.942752256989479065e-02,
-5.843725055456161499e-02,
1.038827467709779739e-02,
8.230549842119216919e-02,
1.610373556613922119e-01,
1.388766169548034668e-01,
-1.313520818948745728e-01,
-1.117094159126281738e-01,
2.063708007335662842e-01,
1.627323925495147705e-01,
2.117817699909210205e-01,
-3.154045641422271729e-01,
-4.155653417110443115e-01,
-1.204979512840509415e-02,
-3.535876572132110596e-01,
-2.159623652696609497e-01,
-7.333514094352722168e-02,
-4.782865941524505615e-02,
-1.257176995277404785e-01,
-2.309347093105316162e-01,
4.052677750587463379e-02,
-9.021140635013580322e-02,
1.198787689208984375e-01,
-8.593279123306274414e-02,
-2.255552262067794800e-01,
1.029986515641212463e-01,
-2.317529320716857910e-01,
-1.249854415655136108e-01,
1.717062443494796753e-01,
-1.629723608493804932e-01,
2.479402571916580200e-01,
2.487041950225830078e-01,
-7.621409744024276733e-02,
-5.844159424304962158e-02,
2.068012654781341553e-01,
1.948072463274002075e-01,
3.448348119854927063e-02,
1.860807389020919800e-01,
1.165654584765434265e-01,
-3.276515007019042969e-02,
-1.758698076009750366e-01,
6.238360702991485596e-02,
-6.408052146434783936e-02,
1.814519464969635010e-01,
2.956642210483551025e-01,
5.475008487701416016e-02,
4.028229713439941406e-01,
1.775950044393539429e-01,
-4.355839490890502930e-01,
-1.129795908927917480e-01,
1.607737839221954346e-01,
-3.776544705033302307e-02,
1.578302085399627686e-01,
-9.093217551708221436e-02,
-3.449419140815734863e-01,
-4.799119830131530762e-01,
-5.640740320086479187e-02,
8.833213150501251221e-02,
-6.561668217182159424e-02,
-3.989116251468658447e-01,
-2.024439908564090729e-02,
3.114885650575160980e-03,
-8.531318604946136475e-02,
8.140531927347183228e-02,
3.675015270709991455e-01,
1.559353321790695190e-01,
-1.832653880119323730e-01,
2.029440253973007202e-01,
-8.915281295776367188e-02,
1.030346676707267761e-01,
-2.222464047372341156e-02,
2.614650726318359375e-01,
-2.829359285533428192e-02,
-9.209314733743667603e-02,
1.690528690814971924e-01,
1.510587334632873535e-01,
5.311198905110359192e-02,
1.286876052618026733e-01,
-2.838788926601409912e-01,
4.115180373191833496e-01,
-8.519206941127777100e-02,
-1.537867337465286255e-01,
1.579792946577072144e-01,
5.642135739326477051e-01,
-2.703834883868694305e-02,
2.748688459396362305e-01,
-3.682931661605834961e-01,
-8.259245753288269043e-02,
-4.821468889713287354e-02,
8.473185449838638306e-02,
-2.863381505012512207e-01,
-3.174894750118255615e-01,
3.938980028033256531e-02,
3.093192875385284424e-01,
4.459363222122192383e-01,
-1.475397348403930664e-01,
9.639067575335502625e-03,
2.643670737743377686e-01,
-5.380403995513916016e-01,
-2.531648576259613037e-01,
2.735174298286437988e-01,
2.348798364400863647e-01,
3.417983278632164001e-02,
2.470156401395797729e-01,
1.172281205654144287e-01,
-6.764382589608430862e-03,
-1.184004694223403931e-01,
-8.598612993955612183e-02,
4.576547816395759583e-02,
-4.218237847089767456e-02,
1.335734277963638306e-01,
2.174186259508132935e-01,
1.648062765598297119e-01,
2.754810638725757599e-02,
2.708420157432556152e-01,
3.270492255687713623e-01,
2.391971834003925323e-02,
1.157091781497001648e-01,
-5.684971809387207031e-02,
2.729060053825378418e-01,
1.883845478296279907e-01,
-4.539965391159057617e-01,
1.981287896633148193e-01,
-6.289874017238616943e-02,
-2.731793187558650970e-02,
5.012052655220031738e-01,
1.017554178833961487e-01,
1.403418183326721191e-01,
8.848091959953308105e-02,
-6.934678554534912109e-02,
1.361566036939620972e-01,
7.034802436828613281e-02,
3.301786258816719055e-02,
1.678846776485443115e-01,
-1.372230499982833862e-01,
3.624560683965682983e-02,
9.885735809803009033e-02,
2.065104246139526367e-01,
1.904023587703704834e-01,
1.671834439039230347e-01,
7.874109596014022827e-02,
4.097713232040405273e-01,
3.054702579975128174e-01,
1.796205043792724609e-01,
-7.007632404565811157e-02,
2.178586274385452271e-01,
