3.045461773872375488e-01,
-3.130808472633361816e-01,
-3.503289222717285156e-01,
1.470238268375396729e-01,
-3.914115205407142639e-02,
7.933740504086017609e-03,
4.509411156177520752e-01,
2.585831582546234131e-01,
4.787447750568389893e-01,
7.127820048481225967e-03,
2.342991530895233154e-01,
3.651554584503173828e-01,
-1.405645459890365601e-01,
3.815434873104095459e-02,
3.893538191914558411e-02,
1.145957559347152710e-01,
-4.676820039749145508e-01,
-2.456950992345809937e-01,
2.491902709007263184e-01,
-3.135276138782501221e-01,
-3.793707787990570068e-01,
3.134742081165313721e-01,
4.210268557071685791e-01,
-5.166967511177062988e-01,
4.398073256015777588e-01,
1.742457896471023560e-01,
-1.382696628570556641e-01,
-5.687163397669792175e-02,
4.925403594970703125e-01,
3.989162147045135498e-01,
7.810286432504653931e-02,
2.751508951187133789e-01,
3.592534065246582031e-01,
2.462023645639419556e-01,
-5.261718761175870895e-04,
2.934711873531341553e-01,
