8.979506045579910278e-02,
2.640662193298339844e-01,
5.378931015729904175e-02,
2.486274838447570801e-01,
7.855222374200820923e-02,
-1.277993470430374146e-01,
5.432631447911262512e-02,
-1.544023007154464722e-01,
-1.435203403234481812e-01,
1.054920032620429993e-01,
2.040183544158935547e-01,
-1.628690063953399658e-01,
8.295236527919769287e-02,
2.099530398845672607e-01,
-2.400920987129211426e-01,
2.480226606130599976e-01,
-1.331347227096557617e-01,
-1.694494038820266724e-01,
4.801522940397262573e-02,
7.028526067733764648e-02,
-3.943330049514770508e-01,
2.654454298317432404e-02,
1.500987112522125244e-01,
2.784261293709278107e-02,
2.670843005180358887e-01,
-1.654109451919794083e-03,
3.953713178634643555e-01,
3.238395154476165771e-01,
3.732147812843322754e-01,
3.805693238973617554e-02,
1.456226557493209839e-01,
2.626464962959289551e-01,
2.901690006256103516e-01,
7.728851586580276489e-02,
2.274956256151199341e-01,
1.738496720790863037e-01,
-1.333117578178644180e-02,
-3.695884719491004944e-02,
1.533812731504440308e-01,
2.317115962505340576e-01,
1.444789767265319824e-01,
1.395112182945013046e-02,
-4.466677829623222351e-02,
-1.202921569347381592e-01,
-1.190859004855155945e-01,
1.358167678117752075e-01,
-1.864904016256332397e-01,
1.434879451990127563e-01,
1.800086498260498047e-01,
-1.012540385127067566e-01,
-2.757339775562286377e-01,
-4.029869567602872849e-03,
-1.245364174246788025e-01,
-3.326840400695800781e-01,
6.908655166625976562e-02,
-4.781352281570434570e-01,
-3.251395225524902344e-01,
1.276190876960754395e-01,
1.476053614169359207e-02,
-9.954680502414703369e-02,
2.164449393749237061e-01,
-1.766908331774175167e-03,
-1.603067070245742798e-01,
-1.409637480974197388e-01,
-2.185241132974624634e-01,
-1.453546434640884399e-01,
6.910064071416854858e-02,
2.288563847541809082e-01,
-2.623687088489532471e-01,
2.468594759702682495e-01,
2.790410518646240234e-01,
-2.220004945993423462e-01,
-6.951336562633514404e-02,
5.590131506323814392e-02,
4.017225280404090881e-02,
2.131691426038742065e-01,
1.589649319648742676e-01,
1.730205118656158447e-01,
1.133291050791740417e-01,
-6.750643253326416016e-02,
-1.381025314331054688e-01,
2.976045310497283936e-01,
1.505536437034606934e-01,
2.378827147185802460e-02,
8.161840029060840607e-03,
1.721604354679584503e-02,
9.457505494356155396e-02,
1.452657878398895264e-01,
1.978589743375778198e-01,
5.863617733120918274e-02,
-2.356435656547546387e-01,
-2.003012150526046753e-01,
4.505163133144378662e-01,
2.520392537117004395e-01,
-1.882103830575942993e-01,
9.271019697189331055e-02,
8.079947531223297119e-02,
-2.941562421619892120e-02,
-1.521141827106475830e-01,
-1.884585767984390259e-01,
-3.782474398612976074e-01,
-1.061406210064888000e-01,
3.836122155189514160e-01,
-4.083015620708465576e-01,
3.444208204746246338e-01,
2.848931849002838135e-01,
-2.737638354301452637e-02,
3.510863780975341797e-01,
8.310113847255706787e-02,
-2.644071578979492188e-01,
-3.635831922292709351e-02,
-1.840241700410842896e-01,
-1.388917565345764160e-01,
2.704655826091766357e-01,
-1.700458228588104248e-01,
2.247655838727951050e-01,
1.004214882850646973e-01,
-1.084522157907485962e-01,
5.083059519529342651e-02,
2.191537320613861084e-01,
-1.492256522178649902e-01,
-3.622337803244590759e-02,
5.074238404631614685e-02,
-1.596732139587402344e-01,
4.031886756420135498e-01,
9.400895982980728149e-02,
4.220036566257476807e-01,
3.174842894077301025e-01,
1.408427506685256958e-01,
-9.312776476144790649e-02,
-5.608129873871803284e-02,
-2.523108758032321930e-02,
2.660509347915649414e-01,
-2.320990264415740967e-01,
-7.733763009309768677e-02,
-1.648883074522018433e-01,
8.364410698413848877e-02,
-8.215245604515075684e-02,
-6.134985480457544327e-03,
8.724126964807510376e-02,
-1.191915422677993774e-01,
1.963625103235244751e-01,
5.123912170529365540e-02,
1.684513986110687256e-01,
-1.719910949468612671e-01,
-2.393257766962051392e-01,
-3.012835383415222168e-01,
-2.923698127269744873e-01,
-1.112870723009109497e-01,
-2.056853324174880981e-01,
2.476636916399002075e-01,
-1.927199065685272217e-01,
1.623282879590988159e-01,
6.361962854862213135e-02,
-3.339372575283050537e-01,
-2.479487657546997070e-01,
-1.623277962207794189e-01,
-1.803982257843017578e-01,
-1.160238161683082581e-01,
2.111380249261856079e-01,
1.047723069787025452e-01,
8.320136368274688721e-02,
-6.461501121520996094e-01,
-2.589135766029357910e-01,
2.579419612884521484e-01,
8.384176343679428101e-02,
-4.944594204425811768e-02,
3.235007226467132568e-01,
1.107241734862327576e-01,
1.656528562307357788e-01,
-7.897450774908065796e-02,
-4.668872356414794922e-01,
6.133887767791748047e-01,
8.867760002613067627e-02,
5.063109993934631348e-01,
1.016890183091163635e-01,
6.690282225608825684e-01,
2.579014897346496582e-01,
-8.596475422382354736e-02,
3.122982978820800781e-01,
-9.766879677772521973e-02,
8.471076935529708862e-02,
1.224320381879806519e-01,
1.830270141363143921e-01,
1.702268272638320923e-01,
-1.793575845658779144e-02,
-5.296849831938743591e-02,
-1.347997486591339111e-01,
1.556670218706130981e-01,
4.582241643220186234e-03,
3.978560119867324829e-02,
-9.361513704061508179e-02,
-2.341029495000839233e-01,
1.410790681838989258e-01,
2.031658291816711426e-01,
-8.454563468694686890e-02,
-2.567034959793090820e-01,
-2.555709481239318848e-01,
-5.328239127993583679e-02,
-1.452184915542602539e-01,
1.531949043273925781e-01,
-6.422746926546096802e-02,
-1.035596337169408798e-02,
6.852662563323974609e-02,
-1.162530779838562012e-01,
1.022773981094360352e-01,
1.051506400108337402e-01,
3.163161687552928925e-03,
-4.016223177313804626e-02,
1.895108819007873535e-01,
1.892067864537239075e-02,
1.715193092823028564e-01,
7.219675183296203613e-02,
1.743214391171932220e-02,
2.853647172451019287e-01,
-1.418974101543426514e-01,
3.445780873298645020e-01,
5.762981623411178589e-02,
-3.582586720585823059e-02,
4.941597953438758850e-02,
-1.626212149858474731e-01,
-2.344162911176681519e-01,
-2.133527100086212158e-01,
1.678377836942672729e-01,
-9.379091858863830566e-02,
2.478443980216979980e-01,
1.047248020768165588e-01,
1.480975467711687088e-02,
-2.416310645639896393e-02,
-5.087228491902351379e-02,
-8.213153481483459473e-02,
3.677258640527725220e-02,
2.026645839214324951e-01,
2.445676028728485107e-01,
-8.320085704326629639e-02,
-5.038306862115859985e-02,
-2.325339242815971375e-02,
2.024933323264122009e-02,
-1.214294284582138062e-01,
9.221065789461135864e-02,
-1.647547930479049683e-01,
-2.132457047700881958e-01,
-2.103766500949859619e-01,
5.504902452230453491e-02,
-2.702623903751373291e-01,
3.853550925850868225e-02,
1.395400054752826691e-02,
-1.508627235889434814e-01,
3.526795804500579834e-01,
-2.348069846630096436e-01,
1.514146924018859863e-01,
7.643939554691314697e-02,
-1.086256727576255798e-01,
5.069070309400558472e-02,
-2.866857498884201050e-02,
7.281791884452104568e-03,
-6.618352606892585754e-03,
-3.443187102675437927e-02,
1.461403258144855499e-02,
4.880341142416000366e-02,
-1.055375412106513977e-01,
5.807174369692802429e-02,
-2.002038061618804932e-01,
2.285148799419403076e-01,
2.511905729770660400e-01,
-4.130515083670616150e-02,
2.000336796045303345e-01,
-1.556874215602874756e-01,
3.990112543106079102e-01,
4.964642971754074097e-02,
3.085601329803466797e-01,
-6.625641882419586182e-02,
3.085778951644897461e-01,
-7.299520540982484818e-03,
-9.164704382419586182e-02,
6.212472170591354370e-02,
-2.282893061637878418e-01,
-9.215863049030303955e-02,
-4.077007770538330078e-01,
-1.444325223565101624e-02,
4.158332571387290955e-02,
1.608158349990844727e-01,
-1.190230473875999451e-01,
-1.568111032247543335e-01,
5.799102410674095154e-02,
1.531899571418762207e-01,
-8.930505067110061646e-02,
-2.022761106491088867e-02,
1.737637817859649658e-01,
2.138655185699462891e-01,
-1.351330578327178955e-01,
1.629084795713424683e-01,
1.239482685923576355e-01,
7.123649120330810547e-02,
3.159428834915161133e-01,
8.689838647842407227e-02,
2.181285619735717773e-01,
4.949964582920074463e-02,
-1.119878292083740234e-01,
2.163582742214202881e-01,
1.005955189466476440e-01,
2.078285217285156250e-01,
1.137377917766571045e-01,
-1.107684597373008728e-01,
-7.284472812898457050e-04,
-1.177890133112668991e-02,
1.244691088795661926e-01,
-7.467804849147796631e-02,
1.736381500959396362e-01,
-2.353986650705337524e-01,
-2.637394964694976807e-01,
-2.251121550798416138e-01,
-1.971362829208374023e-01,
-4.031527638435363770e-01,
-8.272299170494079590e-02,
9.619299322366714478e-03,
-2.923860549926757812e-01,
-3.823840618133544922e-01,
-1.774042695760726929e-01,
-5.897048711776733398e-01,
2.906523942947387695e-01,
-3.283503949642181396e-01,
-2.953558564186096191e-01,
3.007886111736297607e-01,
-7.969323545694351196e-02,
1.752806901931762695e-01,
-1.228759437799453735e-01,
2.119944430887699127e-03,
-1.726403087377548218e-01,
6.759177893400192261e-02,
1.661378145217895508e-01,
7.091335207223892212e-02,
1.287917643785476685e-01,
-7.957445830106735229e-02,
-1.489844322204589844e-01,
-2.559097111225128174e-01,
5.547682195901870728e-02,
3.399437367916107178e-01,
-7.908517867326736450e-02,
3.381891250610351562e-01,
1.515429913997650146e-01,
4.834230542182922363e-01,
2.541843652725219727e-01,
-6.706752628087997437e-02,
-7.999265938997268677e-02,
3.001309037208557129e-01,
-1.933583468198776245e-01,
-1.197440326213836670e-01,
1.154203191399574280e-01,
-6.301591545343399048e-02,
6.263209879398345947e-02,
-8.676582574844360352e-02,
2.506671249866485596e-01,
2.972393631935119629e-01,
-8.377464115619659424e-02,
-1.463266313076019287e-01,
2.581032216548919678e-01,
5.289322137832641602e-02,
8.601123839616775513e-02,
1.287825703620910645e-01,
2.652326226234436035e-01,
7.635104469954967499e-03,
1.491208821535110474e-01,
-1.236425489187240601e-01,
2.921656966209411621e-01,
2.945298561826348305e-03,
2.689051628112792969e-01,
1.582991629838943481e-01,
2.230526655912399292e-01,
1.302108317613601685e-01,
-9.125653654336929321e-02,
2.335166931152343750e-01,
1.484515368938446045e-01,
1.270883530378341675e-01,
1.237326562404632568e-01,
-4.086273163557052612e-02,
4.020589590072631836e-02,
1.256035119295120239e-01,
-3.566491603851318359e-01,
-6.393520161509513855e-03,
-5.940280482172966003e-02,
7.810799777507781982e-02,
-3.310725986957550049e-01,
-5.798383355140686035e-01,
2.012793272733688354e-01,
-3.398904800415039062e-01,
-2.471001595258712769e-01,
-2.737353928387165070e-02,
-2.544577717781066895e-01,
5.435615777969360352e-03,
-3.709332346916198730e-01,
-6.600806117057800293e-01,
-2.927175760269165039e-01,
-3.453297913074493408e-01,
-5.982194542884826660e-01,
8.792838454246520996e-02,
2.084053605794906616e-01,
1.795704290270805359e-02,
-1.042849570512771606e-02,
8.358103781938552856e-02,
-1.854113638401031494e-01,
-4.800646007061004639e-02,
7.940504699945449829e-02,
8.203554153442382812e-02,
1.681384444236755371e-01,
2.936136536300182343e-02,
2.372726500034332275e-01,
6.385522335767745972e-02,
-2.282968759536743164e-01,
1.500160694122314453e-01,
1.871498525142669678e-01,
1.754673123359680176e-01,
1.297974586486816406e-01,
2.393275648355484009e-01,
4.046584293246269226e-02,
-2.167882174253463745e-01,
1.081022173166275024e-01,
-1.910257190465927124e-01,
-4.079418480396270752e-01,
-1.141522079706192017e-01,
2.098730653524398804e-01,
1.482309401035308838e-01,
2.763782143592834473e-01,
-1.015461161732673645e-01,
-1.794025152921676636e-01,
-1.039849296212196350e-01,
-1.636030972003936768e-01,
-5.190078541636466980e-02,
9.824850410223007202e-02,
8.034904487431049347e-03,
-1.495417580008506775e-02,
-2.263817749917507172e-02,
-3.487211167812347412e-01,
-2.870799601078033447e-01,
2.060385495424270630e-01,
-2.877238094806671143e-01,
-2.094270735979080200e-01,
-2.031671255826950073e-01,
1.489137560129165649e-01,
4.993079602718353271e-02,
-2.276874035596847534e-01,
-1.537723243236541748e-01,
-3.035219013690948486e-01,
1.090973839163780212e-01,
9.746178239583969116e-02,
4.739039018750190735e-02,
-2.830421328544616699e-01,
1.180169135332107544e-01,
4.264212399721145630e-02,
9.103764593601226807e-02,
2.069584429264068604e-01,
2.879605889320373535e-01,
-4.873797595500946045e-01,
-3.026273287832736969e-02,
2.276550382375717163e-01,
-1.325624734163284302e-01,
2.309398949146270752e-01,
1.542527526617050171e-01,
1.906545907258987427e-01,
2.988295257091522217e-01,
-1.814587265253067017e-01,
6.121510639786720276e-02,
3.068936802446842194e-02,
5.002561211585998535e-01,
2.886376976966857910e-01,
3.759630024433135986e-02,
-3.148151189088821411e-02,
5.856845155358314514e-02,
3.231094479560852051e-01,
2.255430817604064941e-01,
1.565144807100296021e-01,
2.259651571512222290e-01,
1.247926279902458191e-01,
1.114117279648780823e-01,
2.211863994598388672e-01,
4.912674054503440857e-02,
-4.773896932601928711e-02,
1.318990290164947510e-01,
-1.729615628719329834e-01,
-1.184952780604362488e-01,
-2.657254636287689209e-01,
-1.564074754714965820e-01,
-3.042105138301849365e-01,
1.779726296663284302e-01,
-3.580031171441078186e-02,
-1.865808665752410889e-02,
-6.718313787132501602e-03,
-1.107188612222671509e-01,
2.071279883384704590e-01,
4.111879318952560425e-02,
4.280612617731094360e-02,
8.233112841844558716e-02,
1.218987032771110535e-01,
-2.496286928653717041e-01,
-2.891612946987152100e-01,
2.500422000885009766e-01,
8.055247366428375244e-02,
-5.467714369297027588e-02,
3.048300147056579590e-01,
1.698380559682846069e-01,
9.654435515403747559e-02,
1.303492784500122070e-01,
2.124300301074981689e-01,
1.050651222467422485e-01,
2.659778296947479248e-01,
-3.763180971145629883e-02,
-1.325276941061019897e-01,
-1.329148747026920319e-02,
-5.073038339614868164e-01,
-1.958973854780197144e-01,
3.326216936111450195e-01,
5.600343272089958191e-02,
6.849041208624839783e-03,
9.108862280845642090e-02,
-2.562073171138763428e-01,
-3.456421494483947754e-01,
-2.009704113006591797e-01,
-3.824605941772460938e-01,
7.062100619077682495e-02,
3.131960630416870117e-01,
5.976270884275436401e-02,
-1.924094557762145996e-01,
-2.326238900423049927e-01,
6.315666437149047852e-02,
-2.592849135398864746e-01,
-6.286092568188905716e-03,
1.940180361270904541e-02,
4.123677909374237061e-01,
3.908946812152862549e-01,
4.953360855579376221e-01,
-7.986117899417877197e-02,
5.538002848625183105e-01,
3.439038097858428955e-01,
1.923579424619674683e-01,
1.410071998834609985e-01,
1.183411180973052979e-01,
3.641822934150695801e-01,
2.481161952018737793e-01,
3.156504333019256592e-01,
-4.189284145832061768e-01,
6.331861764192581177e-02,
-1.011123415082693100e-03,
2.650801837444305420e-01,
2.067996710538864136e-01,
2.743594348430633545e-01,
1.693714708089828491e-01,
1.183443609625101089e-02,
1.141979172825813293e-01,
-5.917924270033836365e-02,
5.659356340765953064e-02,
-1.844250559806823730e-01,
-9.434000402688980103e-02,
-4.260139167308807373e-01,
-5.654649138450622559e-01,
-2.599264979362487793e-01,
3.154743313789367676e-01,
-1.562787033617496490e-02,
-2.041216790676116943e-01,
3.764587342739105225e-01,
-1.989874541759490967e-01,
-2.422543615102767944e-02,
-3.728238940238952637e-01,
-1.941253393888473511e-01,
-1.274724900722503662e-01,
-3.583504259586334229e-01,
9.538995474576950073e-02,
1.408312320709228516e-01,
2.260647863149642944e-01,
-9.041755646467208862e-02,
4.941342771053314209e-02,
-1.115946397185325623e-01,
-3.110232390463352203e-02,
8.860264718532562256e-02,
3.920631706714630127e-01,
-1.421720385551452637e-01,
-6.095227226614952087e-02,
