-1.955904811620712280e-01,
-1.190560217946767807e-02,
-1.242262404412031174e-02,
-2.417969889938831329e-02,
-2.093005180358886719e-01,
6.086831539869308472e-02,
1.095062121748924255e-01,
-1.863518804311752319e-01,
-1.499056220054626465e-01,
-7.917461916804313660e-03,
-8.500860631465911865e-02,
-1.762124598026275635e-01,
2.722898311913013458e-02,
8.116538822650909424e-02,
1.729580461978912354e-01,
-1.454275399446487427e-01,
7.908097654581069946e-02,
-1.173804923892021179e-01,
8.884327113628387451e-02,
-1.624009162187576294e-01,
2.853535115718841553e-02,
6.047139316797256470e-02,
1.184135302901268005e-01,
4.328428208827972412e-02,
-1.888095736503601074e-01,
-7.174672931432723999e-02,
-1.993494331836700439e-01,
5.212006717920303345e-02,
-1.598005443811416626e-01,
7.789234071969985962e-02,
-4.495720192790031433e-02,
1.108096092939376831e-01,
-3.608079627156257629e-02,
-2.003433853387832642e-01,
-1.213994547724723816e-01,
1.611315310001373291e-01,
6.414413917809724808e-03,
3.786983340978622437e-02,
-1.335793137550354004e-01,
-5.541393905878067017e-02,
1.761025488376617432e-01,
-8.012553304433822632e-02,
-7.677854597568511963e-02,
-7.752695679664611816e-02,
1.017521787434816360e-02,
-1.637200415134429932e-01,
6.897396594285964966e-02,
-2.014206945896148682e-01,
1.516721844673156738e-01,
-1.254915148019790649e-01,
-2.685607178136706352e-03,
-1.635585278272628784e-01,
-2.231231890618801117e-02,
-1.173741072416305542e-01,
4.630945995450019836e-02,
-1.646385788917541504e-01,
-1.941207647323608398e-01,
-1.055227890610694885e-01,
-1.225848793983459473e-01,
-1.876364350318908691e-01,
-7.256669551134109497e-02,
-8.143799006938934326e-02,
2.135493233799934387e-02,
1.276547014713287354e-01,
-2.054334990680217743e-02,
-4.045970272272825241e-03,
-1.136192679405212402e-01,
-4.971409961581230164e-02,
2.460683137178421021e-02,
-3.420999855734407902e-04,
-6.847894936800003052e-02,
-4.190096259117126465e-02,
6.209147628396749496e-03,
2.846515774726867676e-01,
-3.165011480450630188e-02,
1.976174265146255493e-01,
-1.958895325660705566e-01,
1.844248920679092407e-01,
1.912312954664230347e-01,
-6.396422535181045532e-02,
4.974697530269622803e-01,
9.297714382410049438e-02,
-9.644556045532226562e-02,
-1.163781210780143738e-01,
1.950226910412311554e-02,
6.117970123887062073e-02,
5.568414926528930664e-02,
2.010793238878250122e-01,
6.536670029163360596e-02,
4.941760003566741943e-02,
-3.852805793285369873e-01,
-6.945219635963439941e-02,
2.636078000068664551e-01,
3.035644292831420898e-01,
2.342270463705062866e-01,
-4.382263496518135071e-02,
4.508859515190124512e-01,
1.110599115490913391e-01,
2.042154669761657715e-01,
5.550275743007659912e-02,
-2.074827849864959717e-01,
5.304657667875289917e-02,
-2.051902003586292267e-02,
2.745431661605834961e-02,
-2.443863302469253540e-01,
1.108026280999183655e-01,
2.014953196048736572e-01,
7.944527082145214081e-03,
1.968434154987335205e-01,
2.967223227024078369e-01,
-2.286087535321712494e-02,
1.394101828336715698e-01,
3.622234612703323364e-02,
2.438938170671463013e-01,
-1.799863874912261963e-01,
-2.066156566143035889e-01,
4.789765551686286926e-02,
5.081238225102424622e-02,
1.403155624866485596e-01,
-1.105457544326782227e-01,
-3.123072534799575806e-02,
2.476103603839874268e-01,
-1.834517270326614380e-01,
1.142254546284675598e-01,
1.292354017496109009e-01,
8.950993418693542480e-03,
3.580250144004821777e-01,
-1.736738085746765137e-01,
2.492894828319549561e-01,
-3.750491887331008911e-02,
-5.110654607415199280e-02,
2.154988646507263184e-01,
7.620865851640701294e-02,
1.090672835707664490e-01,
3.762125670909881592e-01,
1.176394671201705933e-01,
1.023665666580200195e-01,
-4.670153185725212097e-02,
1.142558008432388306e-01,
8.316428959369659424e-02,
-2.548952996730804443e-01,
1.778654605150222778e-01,
-1.998856849968433380e-02,
-6.843002140522003174e-02,
7.370925694704055786e-02,
-1.551821529865264893e-01,
-6.338936090469360352e-02,
1.505223959684371948e-01,
-1.162002831697463989e-01,
-1.520974189043045044e-01,
-4.880035761743783951e-03,
-1.232637185603380203e-02,
-6.649978458881378174e-02,
7.173282653093338013e-02,
-7.109527289867401123e-02,
-2.105545550584793091e-01,
-6.040845438838005066e-02,
1.061199977993965149e-01,
-8.486684411764144897e-02,
-1.366148591041564941e-01,
-2.322900295257568359e-01,
-1.582670807838439941e-01,
-4.529739916324615479e-02,
-3.303053323179483414e-03,
-1.302248984575271606e-01,
4.350164905190467834e-02,
-1.967419311404228210e-02,
-7.237753272056579590e-02,
-1.943532377481460571e-01,
-1.639416366815567017e-01,
3.367622848600149155e-04,
-1.047345250844955444e-01,
-2.154129296541213989e-01,
-1.579087823629379272e-01,
-8.013723790645599365e-02,
5.878185480833053589e-02,
-4.956204444169998169e-02,
-4.145274311304092407e-02,
-5.742993950843811035e-02,
-9.675702895037829876e-04,
-1.586088687181472778e-01,
-6.923316419124603271e-02,
1.411495506763458252e-01,
1.827370971441268921e-01,
1.372042447328567505e-01,
-2.399911731481552124e-01,
5.910827592015266418e-02,
6.360320746898651123e-02,
-1.959845125675201416e-01,
1.368130184710025787e-02,
-5.776745453476905823e-02,
5.406675115227699280e-02,
-1.796431094408035278e-01,
-7.638505846261978149e-02,
-8.505316823720932007e-02,
5.863420292735099792e-02,
6.214285269379615784e-02,
-1.511464118957519531e-01,
1.953867077827453613e-01,
-8.033374324440956116e-03,
5.680613964796066284e-02,
1.150669530034065247e-02,
4.138372838497161865e-02,
-2.978129312396049500e-03,
-1.186570972204208374e-01,
8.641067147254943848e-02,
-7.100025564432144165e-02,
1.672944724559783936e-01,
2.458010166883468628e-01,
6.498352438211441040e-02,
2.734450995922088623e-01,
-1.499710828065872192e-01,
-9.210435301065444946e-02,
-2.084136009216308594e-01,
1.404275745153427124e-01,
9.504994004964828491e-02,
1.356734931468963623e-01,
3.981237113475799561e-02,
1.006229966878890991e-01,
9.793009608983993530e-02,
-1.457769516855478287e-02,
7.697158958762884140e-03,
5.754170939326286316e-02,
2.275420129299163818e-01,
2.737269997596740723e-01,
2.134926766157150269e-01,
-1.738198846578598022e-01,
1.330812126398086548e-01,
1.152734607458114624e-01,
1.166037004441022873e-02,
-4.071911796927452087e-02,
3.815752640366554260e-02,
3.051331453025341034e-02,
1.781987249851226807e-01,
3.366684317588806152e-01,
9.081339836120605469e-02,
3.806227445602416992e-02,
-1.571844965219497681e-01,
5.303530693054199219e-01,
-9.848248213529586792e-02,
1.049377396702766418e-01,
-2.830543220043182373e-01,
1.310483664274215698e-01,
-1.038029342889785767e-01,
-1.132356673479080200e-01,
-2.388697564601898193e-01,
-1.211742982268333435e-01,
-2.339170426130294800e-01,
5.944236181676387787e-03,
6.312007457017898560e-02,
-5.967121198773384094e-02,
3.313646093010902405e-02,
3.297615051269531250e-01,
1.919979155063629150e-01,
3.169113993644714355e-01,
-1.650892198085784912e-01,
2.207893580198287964e-01,
3.803966939449310303e-01,
1.368404179811477661e-01,
-2.453433275222778320e-01,
1.051294580101966858e-01,
6.466701626777648926e-02,
2.079811394214630127e-01,
1.234996244311332703e-01,
-2.116253226995468140e-01,
-1.473398506641387939e-01,
2.026859670877456665e-01,
1.137650683522224426e-01,
-1.515013873577117920e-01,
-9.002264589071273804e-02,
1.391893327236175537e-01,
9.872072376310825348e-03,
3.202262520790100098e-01,
2.004822790622711182e-01,
4.769470542669296265e-02,
1.399499922990798950e-01,
-9.879591315984725952e-02,
3.494060337543487549e-01,
2.095469385385513306e-01,
1.422777324914932251e-01,
-2.817955315113067627e-01,
1.311062276363372803e-01,
-7.815127819776535034e-02,
-9.405382722616195679e-02,
-1.632220149040222168e-01,
1.026448700577020645e-02,
-2.113796025514602661e-01,
2.950587496161460876e-02,
1.717572063207626343e-01,
-2.428410202264785767e-01,
-1.812315881252288818e-01,
-4.455706477165222168e-02,
8.798328787088394165e-02,
2.111147344112396240e-01,
2.286537736654281616e-01,
1.443724930286407471e-01,
4.647338390350341797e-02,
-2.903476953506469727e-01,
-2.044132798910140991e-01,
7.208704948425292969e-02,
1.330787688493728638e-01,
-1.194949299097061157e-01,
5.211340263485908508e-02,
2.829450964927673340e-01,
1.831295043230056763e-01,
1.164038404822349548e-01,
2.610389888286590576e-01,
2.996641695499420166e-01,
5.278443694114685059e-01,
2.862170040607452393e-01,
-1.647492647171020508e-01,
1.301668398082256317e-02,
1.095445230603218079e-01,
3.612806275486946106e-02,
1.819371879100799561e-01,
-3.060122728347778320e-01,
1.281014643609523773e-02,
-6.457687914371490479e-02,
-8.579379320144653320e-02,
4.242144059389829636e-03,
2.914011478424072266e-01,
2.193901389837265015e-01,
8.455548435449600220e-02,
3.354174196720123291e-01,
-5.994103103876113892e-02,
-1.009861379861831665e-01,
-1.760586351156234741e-01,
-5.479709804058074951e-02,
1.547978520393371582e-01,
2.218932658433914185e-01,
1.659529358148574829e-01,
1.559437215328216553e-01,
-2.722684144973754883e-01,
1.993816345930099487e-01,
-9.313938766717910767e-02,
-3.462416529655456543e-01,
4.924379289150238037e-02,
4.191764071583747864e-02,
-2.090333700180053711e-01,
2.922128736972808838e-01,
6.668069958686828613e-02,
1.491068154573440552e-01,
-2.742264866828918457e-01,
-1.600294113159179688e-01,
2.377673424780368805e-02,
9.812977164983749390e-02,
1.951766014099121094e-02,
-1.219462603330612183e-02,
4.666232690215110779e-02,
1.400180608034133911e-01,
-3.643361330032348633e-01,
1.127562969923019409e-01,
1.280365139245986938e-01,
-1.230560839176177979e-01,
-8.123042434453964233e-02,
2.851602621376514435e-02,
2.270959615707397461e-01,
9.056220948696136475e-02,
3.637923598289489746e-01,
2.491766959428787231e-01,
1.052695140242576599e-01,
1.470815241336822510e-01,
2.236948758363723755e-01,
4.433674216270446777e-01,
1.262965798377990723e-01,
-4.700712487101554871e-02,
-1.603080630302429199e-01,
-4.570188745856285095e-02,
3.786339163780212402e-01,
1.917244046926498413e-01,
5.168875679373741150e-03,
2.704000473022460938e-01,
1.830553263425827026e-01,
-1.121950894594192505e-01,
2.377469390630722046e-01,
2.741185128688812256e-01,
6.504983454942703247e-02,
1.381804496049880981e-01,
2.475498318672180176e-01,
6.462387740612030029e-02,
3.228378891944885254e-01,
3.688916563987731934e-01,
1.080910488963127136e-01,
2.302773296833038330e-01,
2.530239820480346680e-01,
-1.379117518663406372e-01,
2.031451910734176636e-01,
-2.055695950984954834e-01,
-1.052110791206359863e-01,
-4.703850299119949341e-02,
-2.594979703426361084e-01,
-1.491733342409133911e-01,
-1.293955184519290924e-02,
-1.694342195987701416e-01,
8.063073456287384033e-02,
7.856208086013793945e-02,
2.694347798824310303e-01,
9.184615314006805420e-02,
3.226106986403465271e-02,
1.716639995574951172e-01,
1.647207736968994141e-01,
1.358781158924102783e-01,
3.200868964195251465e-01,
1.326540857553482056e-01,
1.547056287527084351e-01,
-2.663834393024444580e-01,
2.398756444454193115e-01,
6.649135798215866089e-02,
-3.181068971753120422e-02,
2.004000395536422729e-01,
3.274776935577392578e-01,
1.138019710779190063e-01,
3.884373605251312256e-02,
5.774188786745071411e-02,
1.538932323455810547e-01,
-1.948896981775760651e-02,
1.021806448698043823e-01,
1.265058517456054688e-01,
2.323829978704452515e-01,
1.652561575174331665e-01,
2.346809357404708862e-01,
3.785906136035919189e-01,
3.081360161304473877e-01,
-1.878916025161743164e-01,
-2.332406193017959595e-01,
3.952777981758117676e-01,
-1.347625553607940674e-01,
-2.778711020946502686e-01,
-1.689673513174057007e-01,
4.114630222320556641e-01,
-1.962116658687591553e-01,
2.995997667312622070e-01,
-2.605963125824928284e-02,
1.244160309433937073e-01,
-6.887598894536495209e-03,
-1.430511772632598877e-01,
-1.905909180641174316e-01,
-1.162901222705841064e-01,
-1.373903602361679077e-01,
-1.332149058580398560e-01,
1.096778735518455505e-01,
2.474362775683403015e-02,
6.236333772540092468e-02,
-1.990979462862014771e-01,
7.759176194667816162e-02,
1.153852865099906921e-01,
9.117557853460311890e-02,
-1.896204501390457153e-01,
8.255214244127273560e-02,
-5.635394249111413956e-03,
-1.256931573152542114e-01,
3.343323990702629089e-02,
-1.560809910297393799e-01,
4.635586962103843689e-02,
-3.951973468065261841e-02,
1.619618237018585205e-01,
1.389314234256744385e-01,
7.215080410242080688e-02,
-1.272333264350891113e-01,
-1.859401315450668335e-01,
1.381788551807403564e-01,
-5.073888599872589111e-02,
9.333932399749755859e-02,
-2.070421576499938965e-01,
-1.527824550867080688e-01,
-7.882218062877655029e-02,
6.381957232952117920e-02,
-2.221424318850040436e-02,
-2.326737642288208008e-01,
6.608197093009948730e-02,
-4.669670388102531433e-02,
1.642041504383087158e-01,
9.683643281459808350e-02,
-1.413484215736389160e-01,
1.656952500343322754e-01,
1.633075065910816193e-02,
-1.262134909629821777e-01,
-1.419812738895416260e-01,
9.172850102186203003e-02,
5.527687072753906250e-02,
-1.774065643548965454e-01,
-2.139796614646911621e-01,
-8.117084950208663940e-02,
-2.150441706180572510e-01,
4.185315221548080444e-02,
-2.148253656923770905e-02,
2.131891809403896332e-02,
-1.169831752777099609e-01,
1.063030771911144257e-02,
-1.229043677449226379e-01,
3.489300608634948730e-02,
2.143956348299980164e-02,
-1.616948656737804413e-02,
-2.517721951007843018e-01,
-1.386791318655014038e-01,
-5.167695507407188416e-02,
1.619302928447723389e-01,
3.729839995503425598e-02,
7.564258575439453125e-02,
-5.710499733686447144e-02,
1.011976823210716248e-01,
9.242151677608489990e-02,
2.356234006583690643e-02,
-5.312698706984519958e-02,
-2.165142744779586792e-01,
-8.192133903503417969e-02,
-7.619037479162216187e-02,
-9.236367419362068176e-03,
-1.568310111761093140e-01,
-4.944220557808876038e-02,
3.231056928634643555e-01,
-1.826255321502685547e-01,
-5.983893061056733131e-04,
-1.364464461803436279e-01,
1.347290128469467163e-01,
3.522932827472686768e-01,
1.601114422082901001e-01,
1.515263020992279053e-01,
3.770107924938201904e-01,
2.248369306325912476e-01,
2.748779579997062683e-02,
2.359625697135925293e-01,
1.632123291492462158e-01,
3.139532208442687988e-01,
-1.785946078598499298e-02,
-1.631236523389816284e-01,
-3.320305347442626953e-01,
-6.793939471244812012e-01,
5.597257614135742188e-02,
-4.032996892929077148e-01,
-5.998363494873046875e-01,
1.682104617357254028e-01,
5.667549092322587967e-03,
1.802247911691665649e-01,
1.332802325487136841e-01,
1.330131739377975464e-01,
1.821881383657455444e-01,
1.640409976243972778e-01,
2.657486498355865479e-01,
2.856301665306091309e-01,
6.094509363174438477e-02,
-4.589077830314636230e-02,
-1.183179914951324463e-01,
6.280067563056945801e-02,
6.718557327985763550e-02,
-1.926824748516082764e-01,
1.420389302074909210e-02,
-4.361062943935394287e-01,
-2.218779027462005615e-01,
-7.282905280590057373e-02,
1.890223622322082520e-01,
-3.073484301567077637e-01,
9.900750219821929932e-02,
3.114746324717998505e-02,
1.553427726030349731e-01,
2.033148109912872314e-01,
-6.064183544367551804e-03,
2.718019187450408936e-01,
-3.406483232975006104e-01,
-6.287509948015213013e-02,
-2.351510673761367798e-01,
1.745268329977989197e-02,
-1.579012721776962280e-01,
-1.687708050012588501e-01,
-1.771176457405090332e-01,
-1.522542685270309448e-01,
-1.812322996556758881e-03,
3.226029276847839355e-01,
3.825447335839271545e-02,
2.746551632881164551e-01,
3.139313757419586182e-01,
5.725639406591653824e-03,
2.874479293823242188e-01,
2.922444939613342285e-01,
1.061642915010452271e-01,
1.623498201370239258e-01,
