3.404960036277770996e-01,
-2.715306878089904785e-01,
-5.435314178466796875e-01,
2.566046118736267090e-01,
1.414787769317626953e-01,
-2.930538058280944824e-01,
3.450651168823242188e-01,
1.811728924512863159e-01,
-1.449982523918151855e-01,
3.658384978771209717e-01,
5.503160357475280762e-01,
9.757626801729202271e-02,
5.064352154731750488e-01,
2.367300391197204590e-01,
-1.356624718755483627e-02,
3.149905428290367126e-02,
-2.224586158990859985e-01,
-3.560582101345062256e-01,
-3.028555214405059814e-01,
2.154519259929656982e-01,
3.448068797588348389e-01,
3.082576096057891846e-01,
8.195608854293823242e-02,
1.004795283079147339e-01,
1.154442951083183289e-01,
-1.646971702575683594e-01,
4.958020150661468506e-01,
3.326393067836761475e-01,
2.706721723079681396e-01,
1.050099134445190430e-01,
3.078956305980682373e-01,
2.173934578895568848e-01,
-1.606551557779312134e-02,
1.866732090711593628e-01,
-1.983367055654525757e-01,
3.409087657928466797e-01,
