2.759842872619628906e-01,
2.318315804004669189e-01,
2.868703305721282959e-01,
2.312013506889343262e-01,
3.813316524028778076e-01,
4.202885031700134277e-01,
4.747142791748046875e-01,
7.406989485025405884e-02,
3.656011447310447693e-02,
1.414446383714675903e-01,
-2.372085154056549072e-01,
2.826239168643951416e-01,
3.341678529977798462e-02,
-1.265674680471420288e-01,
1.379846185445785522e-01,
-3.245878517627716064e-01,
-2.227135598659515381e-01,
2.353271842002868652e-01,
-1.011567115783691406e-01,
1.851294003427028656e-02,
5.202750116586685181e-02,
-1.448936611413955688e-01,
-2.061365395784378052e-01,
6.513284519314765930e-03,
-1.936658769845962524e-01,
-2.124538868665695190e-01,
3.245402127504348755e-02,
-1.167204231023788452e-01,
-1.446532011032104492e-01,
-8.282913267612457275e-02,
-3.921715021133422852e-01,
-1.253924667835235596e-01,
2.590485811233520508e-01,
1.682091355323791504e-01,
-8.890973031520843506e-02,
1.303299814462661743e-01,
4.327555894851684570e-01,
3.409361839294433594e-01,
1.360244899988174438e-01,
3.024037778377532959e-01,
1.681737005710601807e-01,
4.575223922729492188e-01,
-7.584096398204565048e-03,
3.061724305152893066e-01,
-7.726274430751800537e-02,
-1.618519425392150879e-02,
-1.244892701506614685e-01,
-1.066172961145639420e-02,
6.895659863948822021e-02,
1.361016035079956055e-01,
-1.952768266201019287e-01,
-7.978446036577224731e-02,
-3.776812925934791565e-02,
6.087591126561164856e-02,
-3.115026094019412994e-02,
-1.670100539922714233e-01,
-2.937271818518638611e-02,
1.770585775375366211e-01,
-5.372716486454010010e-02,
5.567148793488740921e-03,
1.342593580484390259e-01,
-7.527504116296768188e-02,
2.989172041416168213e-01,
9.541150182485580444e-02,
1.347467303276062012e-02,
1.033926382660865784e-01,
6.905233860015869141e-02,
8.198983967304229736e-02,
4.037809371948242188e-01,
1.235688477754592896e-01,
3.288969770073890686e-02,
8.869272656738758087e-03,
-1.561064571142196655e-01,
4.612155258655548096e-01,
1.938568204641342163e-01,
-4.822947680950164795e-01,
2.457264959812164307e-01,
2.663521282374858856e-02,
7.653175294399261475e-02,
2.427085041999816895e-01,
-2.486687600612640381e-01,
-5.086035132408142090e-01,
6.536999344825744629e-02,
-1.944195479154586792e-01,
1.925016045570373535e-01,
3.341228365898132324e-01,
2.655251026153564453e-01,
1.378614008426666260e-01,
1.034033149480819702e-01,
1.853953599929809570e-01,
-1.791892796754837036e-01,
-2.549390494823455811e-01,
-2.170378565788269043e-01,
2.510229945182800293e-01,
-1.988798677921295166e-01,
1.392383128404617310e-01,
3.410405218601226807e-01,
-5.182131528854370117e-01,
-1.144573017954826355e-01,
-4.679038226604461670e-01,
-5.202189460396766663e-02,
-3.234311044216156006e-01,
-4.810882806777954102e-01,
2.011637389659881592e-01,
9.558181464672088623e-02,
-2.664456367492675781e-01,
2.645111083984375000e-01,
-2.076142430305480957e-01,
-3.829800486564636230e-01,
-9.220244735479354858e-02,
6.836976110935211182e-02,
-8.788809180259704590e-02,
-1.936173588037490845e-01,
9.399925172328948975e-02,
-6.997812986373901367e-01,
1.960411518812179565e-01,
3.006156682968139648e-01,
-2.685034275054931641e-01,
6.551992148160934448e-02,
-3.763692919164896011e-03,
-5.400715470314025879e-01,
2.719569485634565353e-03,
-3.986722603440284729e-02,
-5.211827754974365234e-01,
-2.292226701974868774e-01,
-1.478708535432815552e-01,
2.840328514575958252e-01,
3.078857660293579102e-01,
1.669357120990753174e-01,
5.592617392539978027e-02,
6.691519916057586670e-02,
1.917273104190826416e-01,
2.381105870008468628e-01,
-3.494547680020332336e-02,
1.398369520902633667e-01,
2.457707375288009644e-01,
5.642313882708549500e-02,
2.178660780191421509e-01,
1.650591194629669189e-02,
-9.839657694101333618e-02,
1.934569627046585083e-01,
-1.691316813230514526e-01,
3.142300844192504883e-01,
2.247181534767150879e-01,
3.277003169059753418e-01,
1.545410603284835815e-02,
9.735842794179916382e-02,
3.584212064743041992e-02,
2.390241026878356934e-01,
-4.177628085017204285e-02,
-1.833091527223587036e-01,
2.833217382431030273e-03,
-6.795038469135761261e-03,
2.449266165494918823e-01,
1.093836650252342224e-01,
2.059934101998806000e-02,
4.253814518451690674e-01,
1.894593685865402222e-01,
1.254468113183975220e-01,
1.294327676296234131e-01,
2.835238575935363770e-01,
2.099391520023345947e-01,
1.837794296443462372e-02,
-2.310237759957090020e-04,
-3.066649734973907471e-01,
-2.058689445257186890e-01,
-2.453769594430923462e-01,
-2.384062409400939941e-01,
-1.539715081453323364e-01,
5.668637529015541077e-02,
-9.382253885269165039e-02,
3.617942631244659424e-01,
-2.295428663492202759e-01,
4.792265966534614563e-02,
1.374961584806442261e-01,
-4.886437952518463135e-02,
6.240370124578475952e-02,
-2.766790091991424561e-01,
-3.012079596519470215e-01,
-2.099465578794479370e-02,
3.192439079284667969e-01,
8.144975453615188599e-02,
-2.685937285423278809e-01,
8.812954276800155640e-02,
4.002142548561096191e-01,
1.271530985832214355e-01,
-8.049103617668151855e-02,
1.228408291935920715e-01,
4.457663744688034058e-02,
-2.027329653501510620e-01,
-2.211073413491249084e-02,
3.828668594360351562e-01,
-3.485030829906463623e-01,
3.445608615875244141e-01,
4.749960005283355713e-01,
9.188724309206008911e-02,
3.365632593631744385e-01,
-3.334784209728240967e-01,
-2.282758355140686035e-01,
4.625427350401878357e-02,
3.269025385379791260e-01,
-8.336839079856872559e-02,
1.089251637458801270e-01,
1.447299718856811523e-01,
1.371169388294219971e-01,
-9.695767611265182495e-02,
-8.732654899358749390e-02,
-6.736144423484802246e-02,
-2.403050065040588379e-01,
-1.076654996722936630e-02,
-7.623216509819030762e-02,
1.376083493232727051e-01,
2.701588273048400879e-01,
-1.713028103113174438e-01,
3.099726736545562744e-01,
3.403689861297607422e-01,
3.751540780067443848e-01,
2.026284188032150269e-01,
6.513047218322753906e-02,
1.712499558925628662e-01,
2.186377495527267456e-01,
1.389375776052474976e-01,
2.110846191644668579e-01,
-2.386742644011974335e-02,
3.138556778430938721e-01,
1.332066953182220459e-01,
1.901166886091232300e-01,
2.478907853364944458e-01,
-9.951265901327133179e-02,
-1.823073476552963257e-01,
1.281506717205047607e-01,
-6.490167230367660522e-02,
4.490822851657867432e-01,
3.312740921974182129e-01,
1.352362781763076782e-01,
-1.795880198478698730e-01,
1.105369180440902710e-01,
-1.501396000385284424e-01,
1.043554991483688354e-01,
-8.189252018928527832e-02,
1.177511215209960938e-01,
-8.378589153289794922e-02,
-1.777396947145462036e-01,
-9.768968075513839722e-02,
-1.783488243818283081e-01,
-6.438880413770675659e-02,
-3.580288589000701904e-01,
4.426923766732215881e-02,
2.143212556838989258e-01,
4.593675211071968079e-02,
-8.706296235322952271e-02,
1.307000815868377686e-01,
-8.256301283836364746e-02,
-3.365842103958129883e-01,
-2.276570051908493042e-01,
-3.114882484078407288e-02,
2.214930057525634766e-01,
-1.801908761262893677e-01,
3.540698885917663574e-01,
1.627183891832828522e-02,
2.606000602245330811e-01,
-1.315674930810928345e-01,
3.442224264144897461e-01,
1.489454209804534912e-01,
2.261384129524230957e-01,
9.203857928514480591e-02,
4.000541195273399353e-02,
2.571993470191955566e-01,
1.232228800654411316e-02,
-1.905850470066070557e-01,
2.183950394392013550e-01,
3.610468208789825439e-01,
1.718464791774749756e-01,
4.075015485286712646e-01,
-8.854592591524124146e-02,
1.258405596017837524e-01,
-1.025179028511047363e-02,
-3.160692751407623291e-01,
-1.785646826028823853e-01,
1.870461255311965942e-01,
7.461524754762649536e-02,
6.082941219210624695e-02,
2.483157515525817871e-01,
2.675185203552246094e-01,
1.774655580520629883e-01,
3.908120095729827881e-01,
-9.449478238821029663e-02,
-2.595354914665222168e-01,
